1022
3650
3837
84
288
456
300
3841
1537
3839
255
3072
770
3991
3071
3784
3324
511
3326
3624
3610
2048
2559
2050
1242
1420
3333
1796
513
2047
255
1279
3813
3587
3058
3409
211
1539
1023
351
2562
515
2819
2051
3072
3417
2996
3819
2558
3568
4095
2815
1024
2815
771
2305
2306
886
363
156
186
4056
70
2816
3327
3847
2046
3480
509
3557
3440
3952
119
506
259
768
2050
479
3421
3122
3591
253
1277
3963
2305
2046
203
269
410
730
250
1104
1031
874
151
2560
24
1026
934
421
161
3766
3838
3669
4013
162
3903
2558
1538
380
220
627
639
363
3329
1536
3228
3060
251
3423
1533
3751
3840
3073
1
909
711
513
258
3586
2818
1279
2304
3867
3968
3071
3510
2302
766
2814
3073
2562
773
64
430
744
984
3073
3328
3840
3706
765
1278
3682
2046
3515
4019
3823
204
3075
705
151
661
795
860
174
3643
3546
3372
1789
3626
2045
3729
3583
874
556
3588
2051
3583
2050
1538
1026
3838
3426
3328
3338
3770
2970
3846
185
823
487
2561
3841
3074
2048
2560
1792
535
3584
3576
1021
2556
1278
3328
2047
3839
199
26
2561
3329
1793
1280
3839
1279
2305
3009
3578
4093
2045
1790
1024
766
1536
767
261
245
179
54
502
659
3331
3073
2557
4066
2047
39
3726
766
3597
90
3873
4094
4095
2563
2049
3837
3672
344
291
33
1024
3581
2813
512
0
1278
3006
256
1793
313
3945
437
2302
232
244
20
2820
1262
3839
3586
101
3751
2302
3271
2960
3461
768
3843
1794
3834
257
520
1027
532
3841
3613
107
3581
3388
4093
3158
3325
513
257
254
772
1026
770
1798
258
514
4095
3690
3838
3648
3277
2813
1276
3498
2560
417
365
803
599
624
836
346
3542
256
3814
1791
68
510
3398
2046
3111
3993
590
460
655
424
0
3586
3585
1536
137
1023
3552
1020
3441
1278
2301
3837
1020
287
1537
1538
1539
514
2
769
512
2046
509
2558
4094
250
3018
4093
3504
3329
2561
1281
1792
511
125
34
412
30
30
765
767
2561
519
2815
254
113
702
519
319
3328
1790
596
4002
1281
306
3585
3897
1022
163
200
2304
1279
765
3893
3942
43
3583
4017
2815
3328
3328
3964
213
124
156
3330
1284
1
1789
3325
1787
3570
3326
512
4095
3841
667
917
436
563
905
258
3716
3759
68
1279
3770
1533
3491
765
768
3327
2816
3327
3073
768
1281
2816
3758
256
216
3722
191
627
1024
0
4095
3504
2046
3770
3779
3071
95
140
768
3839
3802
550
509
724
21
3684
3582
3406
3283
4091
3511
4091
3695
3595
3909
449
111
3
3843
1540
1537
1279
1022
3583
3033
4088
2042
763
4093
2046
3073
513
2563
261
1932
1704
519
772
257
2557
3150
1653
1666
2112
3860
2817
1062
261
1542
518
3591
3116
1532
3422
2312
2723
1017
3577
1778
1271
1529
1792
773
1801
209
1792
511
3583
1534
1025
1792
2670
2970
3326
3846
2426
1290
1541
3329
4095
1026
2050
1535
2977
2411
3356
3436
3804
4094
2863
3352
765
1538
3330
2300
2555
251
1790
3585
4039
770
1282
2304
1538
1541
1140
755
1536
2298
2005
2486
1928
3351
3173
3535
3073
1169
2369
383
438
3698
3412
32
899
263
3847
3076
4012
3841
2302
3321
2297
2042
3323
4078
3876
3868
3143
3343
2937
511
515
2053
2053
3843
0
3328
766
3344
4093
3525
308
1288
1080
1541
3589
534
3068
1532
2300
3289
3312
3097
3576
3936
133
90
529
3949
3267
3200
3967
745
1027
702
885
1540
1027
2050
2304
1537
3946
510
3412
3837
252
2810
508
1791
1024
693
3584
512
3
1007
362
2045
2302
3579
3325
511
395
514
1538
318
3748
413
351
3842
3857
3583
3810
3448
1277
1533
14
428
1644
1133
590
195
3569
3557
3373
3741
4017
3083
3593
3585
1085
1351
590
1500
3331
2816
2815
3581
766
2815
2049
26
2046
4095
1792
1541
3332
1056
222
3969
3677
3579
2041
1275
252
509
1
614
1218
1797
2054
2052
1539
3724
3581
3266
3066
3023
3386
3308
3262
3181
3428
573
1242
3845
1029
1795
1280
3072
257
2558
4082
4093
1790
1021
3837
254
3841
1082
259
1793
3074
2562
2820
256
161
3799
3311
252
3573
3935
3677
203
2048
539
1133
1037
1009
664
239
916
3074
1
125
3575
2304
3841
173
2303
3948
215
3585
918
848
1536
2815
4049
369
289
257
3836
2827
3835
3467
3842
34
3072
862
3842
1024
1792
216
3833
338
182
3777
2046
3838
3839
3070
2816
1280
3747
510
1278
4095
3583
1
3759
115
215
178
1791
1277
1535
1279
4086
3842
413
2305
477
3694
3080
2473
3685
1536
1793
785
1282
3845
769
3067
246
2381
3676
3578
1276
1534
3078
996
2810
2809
2357
287
1435
1530
745
172
0
3076
179
2806
3833
2550
3068
1416
515
280
1825
2082
1267
2361
3968
3053
3015
3071
890
3077
2050
2299
3834
2813
2819
2047
1530
1787
2561
1539
1282
4095
3327
3075
1026
212
3631
2700
2633
2973
85
292
4044
2558
2868
188
831
1292
718
236
3069
3571
3714
3669
1019
2600
3287
1535
678
2114
775
3839
2305
3328
3844
2049
765
2973
761
4012
1159
864
3462
3388
4071
1285
1321
2563
3324
3836
2771
710
1511
758
3018
2812
1793
1798
1797
765
2504
3133
2561
2048
1981
585
113
3757
3842
2054
1536
2117
1709
2614
512
813
3766
2655
3293
1281
3078
771
1790
3855
3580
1796
264
1903
393
3242
765
3587
2052
1792
3322
505
3067
6
1465
1029
2304
762
3073
1542
4
2305
3761
2673
111
664
5
517
519
1282
1794
3072
2048
407
3327
3030
4091
2854
1022
3327
2305
257
3984
3708
539
239
766
3328
1025
3840
642
624
522
1793
1027
1284
1216
137
140
768
399
769
2816
3870
391
152
3073
964
1286
1125
772
771
153
2560
106
3704
1021
1788
2044
3730
870
2563
1283
3746
60
354
3827
3726
3648
72
561
900
1679
1563
1540
2048
1281
3727
2
1536
190
3841
3939
461
1201
713
2307
996
599
513
3324
1020
3341
3828
256
582
3072
47
3582
2047
2304
1282
1283
1023
519
3712
3977
4092
3057
2588
2966
3785
1791
484
1026
940
652
1284
1259
1308
2305
4094
3233
70
3582
3830
3798
320
1282
3842
3584
1535
3071
1024
1535
254
2557
1534
508
1534
770
1526
251
2063
2442
776
2558
549
1976
7
3333
2118
114
3834
2919
174
3068
3074
776
4023
3602
1022
3773
3782
1024
2557
3331
1272
4005
1771
2555
523
263
3333
266
3835
4084
1532
3853
919
2816
2935
3580
2555
1792
3329
2896
3990
514
774
2564
1793
1018
1786
2676
3476
3191
2047
3730
2014
2786
1191
1860
1026
1275
4094
1
516
3592
266
57
1097
1719
2806
74
769
573
171
2034
1027
1696
2589
3762
3685
503
2434
253
14
2987
3359
728
2727
3511
2052
1794
1822
2489
2316
2032
1480
2612
3301
2568
876
3605
3070
2039
252
1027
3865
790
28625
160
1816
1793
4093
1285
3585
3335
2825
3110
1024
13
2615
1692
1233
4079
3647
210
509
2828
2823
1536
3836
2543
3833
3838
1240
3837
2340
3405
2435
3822
2317
1831
2671
3179
247
2558
1546
1799
3327
4076
2551
1819
3134
3582
3058
1772
255
2301
2060
1031
3867
2178
1243
3891
3728
3815
1267
763
3651
987
221
137
839
2789
3503
3675
3653
1234
1271
1361
9
2606
463
2913
4071
3544
289
47
2807
2062
2492
2305
3843
1435
3770
2329
2068
1747
1762
2354
798
2455
2680
856
2789
1303
3655
2359
2269
3731
2829
1910
777
990
3064
1805
4088
854
2000
2669
2472
224
3120
554
3570
2558
1633
343
357
606
1549
2320
3023
2044
1527
1829
3912
1012
1572
199
2501
167
1448
3348
1270
1802
252
1025
1655
574
3058
2780
3602
2959
760
1809
3325
3834
792
2304
2302
1533
4
2678
2272
585
1237
2695
1155
1757
3762
274
1528
2547
2384
2779
783
492
2533
1033
3681
2038
647
3498
2826
1311
2286
2826
3103
780
728
2016
3857
222
4076
3086
3114
3587
1016
1770
3100
1419
2305
2281
504
2300
3814
760
201
289
1667
3411
1754
768
3838
9
2147
3264
3557
1769
3590
761
3336
3703
1046
3345
1098
2520
3592
33
2547
1771
2037
1019
1658
3052
1424
1216
1060
968
2732
377
1026
1524
3067
2295
2279
500
411
885
2361
2652
553
2357
3591
1557
2052
407
2744
4086
547
2814
1031
2820
2576
3603
3957
2806
1788
1078
711
169
2452
791
2065
3321
2063
792
2841
487
2305
2043
1351
1540
3829
249
625
3376
3056
2313
277
459
2786
244
762
1374
3702
3688
782
2812
1776
2542
995
3599
3343
1821
2340
1322
247
3582
1525
596
2956
4056
3635
4042
763
77
3383
1448
3856
1020
2803
2293
1789
3073
3586
2808
1260
2810
8
16
3087
3029
3737
1659
3125
1636
3103
3049
1260
1004
3199
3887
1268
673
1103
484
1582
3944
1276
3311
1005
748
3216
147
1524
508
3335
2612
395
3113
2833
1287
3755
1177
600
1468
3979
2816
3074
4091
4092
3
3241
789
526
3849
1787
2037
1779
1524
1283
747
2848
4093
1543
1806
275
17
18
1468
769
4094
4094
1011
1767
49
1337
1677
248
1481
2938
2630
2900
889
3700
689
2815
2915
3075
3993
3684
3292
1277
3071
1797
2313
1028
3325
4092
3325
4095
510
1533
1351
171
1125
1288
2144
421
2630
2308
1533
3493
2053
2296
4086
263
3087
1733
999
2029
2810
1793
1273
3328
3803
631
3827
1016
1283
2749
3042
3645
2144
3361
52
914
2309
935
205
1535
987
1914
2282
3298
1645
3320
759
276
501
1307
523
2758
3355
302
298
3563
1283
2030
765
2932
522
2053
3455
3845
2048
3324
1803
2384
3338
3975
2055
3504
1015
3407
2695
2231
263
1010
520
2327
3094
2837
248
1777
1866
762
1777
151
2712
3175
1824
979
9
516
2550
3307
1496
1567
1652
2054
263
3093
2355
2196
1742
335
2015
640
3275
3593
1821
307
1231
1849
3331
1270
3316
2434
2022
784
2722
3799
2629
1753
1258
303
1283
3326
3272
595
885
2616
2699
2355
3933
501
3554
2659
2556
1457
2004
2340
2058
771
3509
2988
3582
3630
607
485
3077
3848
3265
367
1312
2064
227
523
1262
3060
1776
39
3995
725
3731
2575
1553
751
520
3593
0
776
2081
1771
2465
1307
2504
233
1521
244
275
1511
4071
522
860
3538
794
1322
991
2536
1035
3080
4046
521
2300
1279
487
520
3429
1734
3356
1827
2534
2537
3338
278
1618
3308
4012
1
222
2277
1808
3078
3627
3101
2858
2837
770
1795
1046
1269
1006
2823
2300
477
1282
3084
769
1549
3094
2065
2032
1542
264
1280
1523
3964
3881
1120
517
1773
1491
822
152
2646
769
3852
2662
3342
3839
2779
3582
2209
2615
2800
2577
2823
2816
2940
184
3630
3634
150
2610
66
3024
1797
4095
2074
367
2341
2307
777
2322
23
3757
218
1241
1788
1525
249
1477
3072
2286
4081
188
3573
1150
3117
2851
3334
1632
506
1302
1276
755
1791
1274
3750
2814
3505
2561
3330
2046
767
767
3072
3072
3327
3824
287
476
975
3
297
329
3804
178
3329
3974
254
4067
2559
200
256
2047
3439
2046
1793
998
324
3741
3070
3657
4095
1281
3072
3072
4051
3328
514
3072
513
2049
612
805
435
212
3680
1790
511
156
256
704
3329
1196
2
1538
1794
701
4
2305
361
391
3577
1791
2816
1277
3616
3838
3672
3582
2
292
1003
978
881
306
1791
2816
2303
3947
3068
3578
2756
1532
3344
3327
512
2307
3843
772
2562
513
769
3674
3384
3071
4092
2043
3054
3802
768
34
511
3071
2048
3840
1281
2559
256
149
2046
3724
3922
276
3644
3733
3530
2051
357
2047
3327
1279
856
786
819
3940
248
406
270
94
3448
2812
3224
2814
3071
2815
213
3329
2046
3582
3326
2304
1278
1276
527
3584
3
1792
256
1533
1023
1023
4055
1278
1535
3670
3953
3838
1791
0
2302
767
502
972
407
4011
3998
3237
2044
3752
2813
3549
2814
340
405
313
66
505
771
768
3071
766
3729
1533
3409
4024
3583
3583
383
198
2304
2049
1540
772
2819
138
3678
2557
3200
3353
3785
3676
511
4023
767
4095
2562
3843
3585
2049
3073
3994
2815
3559
3413
3477
3569
3725
287
376
2050
1280
3072
2815
0
2817
257
395
3772
216
3747
3697
243
3327
2817
367
256
3981
3839
3838
1535
211
488
39
2046
1279
3586
2559
1536
770
3656
2048
3584
3841
3961
3916
317
3891
1792
3071
2818
3073
611
744
721
3841
0
769
1024
509
3160
1019
3390
2815
512
3899
1022
2045
3972
772
2
2306
2051
363
88
3271
3480
4094
3625
2559
1792
768
482
779
91
375
3586
2307
2049
2048
3669
4095
3593
3319
1277
19
199
107
28
71
3959
251
559
256
3581
3665
2813
3324
3582
2047
177
2304
4034
1535
510
1791
3071
3330
769
396
873
2560
2818
3874
3859
3770
395
1025
4053
238
4085
3854
49
4079
464
2561
3072
3891
255
2816
3584
1789
3581
3422
3340
3755
3582
464
719
437
3970
3894
4024
181
2050
1792
383
1793
4089
550
461
421
2817
4086
3449
1021
253
2557
3826
2303
326
1281
1284
2819
1795
292
826
55
3339
2584
2181
3160
3178
120
256
398
507
742
514
768
3330
3841
565
3329
3986
3326
3100
3454
509
1534
1279
3810
364
626
498
769
255
3819
3527
3390
3306
2301
3421
2814
2814
3766
831
358
93
3937
181
215
1537
1790
1788
3884
3838
768
258
698
258
70
290
368
339
3795
511
3407
3583
512
1533
3802
767
400
225
1025
768
1791
3838
3326
3072
3872
3069
3591
3332
510
513
365
385
462
961
1048
250
3625
1789
1277
3525
2815
3704
1022
1792
4047
198
908
3074
3586
3840
2305
257
513
1534
3251
3258
2732
3547
86
178
3327
606
341
3074
257
3839
3328
768
135
288
768
3614
2047
3455
3587
3992
3838
508
2307
1269
795
2
2047
514
3330
2303
3776
3551
3210
3581
4094
3580
3911
153
3676
18
915
3332
3586
1282
1278
3072
3969
65
4062
2303
3786
4057
33
617
166
3932
244
303
769
768
2048
2303
395
1026
2817
3801
2816
511
3808
4074
56
3325
2556
2045
3328
2558
768
1
1538
257
2305
3329
2300
3070
255
3585
110
20
254
2815
252
1793
1
767
1792
443
1089
770
2047
371
80
4095
4095
3326
4059
3430
2045
1279
4004
388
122
1792
1025
2816
1534
3072
0
767
333
4084
346
3539
59
599
801
3332
98
3841
3977
256
1281
1025
3885
2559
770
2305
512
274
0
767
3583
3070
2046
3665
3530
3397
1533
3954
0
3329
3328
2820
2563
256
1110
71
10
2045
4093
1019
3581
2301
4039
3839
1025
3330
516
2564
2564
1283
2
315
493
3605
3188
3836
2554
4094
3325
3599
721
1537
1797
3077
3329
1539
3587
2816
4085
512
2813
509
2558
3326
256
2304
612
4015
2
515
602
447
209
2814
3749
766
1791
3968
1276
224
1537
530
1010
128
2967
2999
4024
4077
2046
3072
242
3912
3637
221
3796
3858
3535
3553
3103
1022
231
3653
2047
512
766
3329
258642
562
2027
2368
3251
3930
1023
1550
1277
1019
249
670
779
2352
3362
3076
3075
2307
3842
1988
2056
854
3917
4089
3847
1537
2812
240
2562
3076
3987
1279
8
3071
3072
1541
337
1314
586
248
2292
1927
3456
855
4037
3837
1533
1752
3308
702
1763
3468
3838
776
515
2308
1183
775
3567
1026
2305
260
1147
3584
1
973
3840
508
2311
252
621
1697
3829
3666
2049
1543
1717
626
509
7
1121
1927
1023
3581
1029
259
2605
259
865
3519
507
1796
2814
3332
1866
212
1017
802
3979
2293
2127
302
1228
1782
3587
2297
1344
3067
1017
769
801
384
22
1292
4037
3575
1280
2051
24
4090
3720
692
1502
718
2049
4089
2041
1
1789
1788
3340
3655
3847
823
1412
1439
2560
253
255
1023
257
2110
1279
2816
2304
1015
159
256
504
3693
4
8
3590
260
3337
1674
3579
2138
1534
123
255
2556
2407
124
232
131
3071
1787
2687
1277
3328
2565
1286
2053
672
1015
3839
2815
2039
2297
1280
1795
3585
3881
2814
510
1275
1020
510
3327
1023
6
1468
365
1278
2043
2816
792
297
3894
3838
683
256
3840
2302
2301
3455
1278
515
3725
2815
895
1291
71
3635
3757
3393
3061
3571
1230
1796
1028
2821
2051
2044
3069
4095
3913
3207
3196
3637
3798
3379
3535
251
4094
2816
2566
1543
1794
1795
3847
936
259
1015
3577
1530
1273
2554
2298
4077
3584
3916
588
1437
686
824
845
3075
1793
2815
3074
14
3164
254
234
3800
2800
3534
241
136
832
1623
3585
615
256
2048
1790
3747
4093
3156
3403
139
817
1793
2562
2820
3848
2056
2815
4091
3914
4067
1931
3881
228
3955
3713
577
1609
2814
1019
4094
1283
313
767
419
2049
367
4076
275
3067
1292
759
3020
1533
739
2304
3072
1304
1159
1272
3843
255
765
1023
2563
3839
3577
250
3327
1793
1407
631
2414
3377
3405
3
1279
3585
2050
907
2048
2304
1792
2560
847
251
119
392
3927
3836
2992
3805
610
3331
2757
3833
2553
1531
2046
768
1025
474
1146
650
525
1282
3328
3839
403
4048
769
2046
143
1037
755
497
2981
4088
2550
2773
2590
2991
141
2304
425
402
3756
298
867
1087
775
1768
1063
3844
1094
334
2047
962
765
2382
2180
3174
3972
3236
2048
1537
392
149
1424
620
3946
626
1215
780
3449
3533
254
3582
375
1602
4
2558
37
290
3589
643
3741
767
3838
3623
3084
3373
4094
3135
250
1021
186
649
1439
782
1015
772
2566
1287
3867
1276
3287
2737
2041
252
2812
1279
3580
512
3075
1793
3587
1538
3846
1796
2050
3841
490
459
3609
171
767
2047
1277
1275
2304
757
4
771
2051
1161
281
31
3700
3923
766
3411
1532
3640
830
772
3586
1025
3328
477
381
4009
1786
3975
3835
1787
3582
1024
353
4095
296
1025
1050
715
592
1031
863
1538
4041
511
1023
2558
3147
3068
2554
3849
150
3837
280
627
775
59
3710
3790
4093
4027
3727
1536
287
2560
3325
1021
3327
2047
3511
3679
3434
2557
2042
1276
2558
3838
545
969
1170
1228
219
1237
491
6
508
3245
4094
4094
4092
3201
3749
2304
4060
3699
464
753
559
1130
249
4053
166
2302
3326
3950
256
3704
3117
3836
2559
129
3585
1793
2815
531
51
3993
3689
3931
3229
3047
3471
3575
255
768
2
1796
1517
1066
56
3520
3755
2557
3501
3326
1788
2749
3019
3849
55
215
82
106
915
3330
3330
1026
256
2816
554
608
3840
3474
2048
509
511
2990
3480
1276
3352
3801
345
514
413
1536
1534
3840
770
2048
3074
1281
391
769
1535
4095
2046
3784
3772
257
1539
548
2816
2561
259
2047
0
766
1536
3071
181
3841
434
3838
256
3661
2814
126
3684
2048
3328
363
4043
1021
253
3453
3327
1794
2046
507
3875
4071
3639
769
42
599
494
1080
3077
3588
3328
1791
3837
2044
3580
3067
1020
1533
3586
3074
1060
881
346
180
677
401
281
3714
509
4092
3463
3071
3936
1023
3487
765
2308
1795
1281
2818
2815
257
1793
1790
3478
513
1022
512
5112
318
3870
122
1277
71
2880
2989
3863
3888
766
1
284
333
3809
890
929
493
1022
3587
4095
95
3584
3069
3455
1788
3445
4095
0
4093
2299
2044
1023
509
3071
3582
236
0
3842
3586
3844
258
3576
1759
2043
3271
508
1534
3322
1781
214
765
3778
3072
2820
1219
2369
2192
1536
3076
786
2815
1280
3840
1527
2811
4094
2815
1018
1
3075
1539
774
1797
1032
260
3586
337
4080
2301
2299
3395
1940
255
257
3078
1533
1799
1028
2564
516
515
1430
258
722
3235
917
431
956
3588
2759
4057
3072
1283
3841
923
3075
257
3361
80
221
1022
3071
3074
3452
1043
1281
515
2308
3402
3072
2818
263
3065
1022
1020
0
3471
2821
515
2560
1292
2027
2103
84
771
2562
3295
1786
2564
2565
3843
1018
2819
3992
4093
1535
2818
3
1281
264
3332
2290
1573
1050
89
3178
3072
1793
2041
2896
1159
1538
3067
507
3074
2822
1025
2
777
818
1357
1681
3592
2048
3579
1791
94
775
1018
1023
1280
1792
3073
3842
2562
1791
2047
2819
1
4
3333
3070
1531
768
741
3825
3205
254
514
703
3148
3564
1538
2045
2816
3844
171
1795
8
366
1120
98
246
250
2302
64
3381
1021
3320
3841
43
519
510
3072
2047
1795
3844
3077
3844
264
3
727
3194
3889
3558
118
3
3755
425
1792
736
3935
3000
3709
767
1221
852
649
1697
3842
511
1021
2553
2813
3465
2042
3835
765
3843
632
913
547
747
3951
3842
511
2622
3151
252
300
4092
3336
3240
2305
494
1100
1710
3849
480
604
548
1273
1273
2900
2750
3200
4032
2557
3706
3581
3004
3717
716
28
133
1016
177
3555
3838
2558
251
3600
2696
3842
2049
263
257
513
2308
473
3770
3058
702
208
1790
3839
3745
3634
2048
4094
254
184
2557
663
4
657
4090
156
3551
3073
763
3946
659
1535
947
633
2047
2304
1023
3158
3907
374
277
2302
638
3947
486
967
250
1025
161
2556
3584
27
104
256
3094
1792
582
3839
2301
2555
3581
176
2302
2558
3327
1024
2303
1282
3839
2560
3588
3210
375
3838
2303
3837
1791
2303
2819
2051
1
3584
1
2563
1536
3069
2556
2554
2814
3838
1535
3979
540
467
559
470
545
795
512
3076
3841
4073
3583
3710
2559
3866
254
1
3841
2813
514
1540
2309
1027
3
2815
537
820
3334
1019
2558
3838
511
41
257
568
3071
1281
1792
2563
770
225
236
1
3328
516
1025
2816
0
4018
1025
254
186
3725
3071
512
2305
435
150
442
1279
3841
2821
3074
3739
3986
767
3912
3325
3351
38
453
19
309
869
2561
256
3234
282
3429
2814
767
2994
254
1789
839
221
3808
132
1043
4
515
62
873
3072
512
516
621
733
1792
3922
3814
3584
2816
4033
3254
1534
3247
3524
255
24
3287
3620
768
3585
2560
1
3588
3914
3439
3868
2818
3639
3200
453
1027
1794
2560
3334
1795
255
3851
3714
1282
2298
1790
3577
3323
3902
509
1020
2
1020
2558
3843
3073
194
230
1536
3069
3947
554
4034
3090
2933
3625
3325
4094
3329
3844
570
534
3010
765
2819
1788
2045
2049
1532
3361
3069
2513
1277
2819
2812
1537
1531
1282
768
1454
3815
1069
3504
3524
3271
3213
14
3159
3781
2982
1348
3730
3803
3
4080
400
768
3848
512
514
3583
3839
849
170
3118
1023
1275
603
2042
2812
1537
3542
1537
555
1335
362
1535
2813
254
3328
508
2736
2812
1276
3974
399
46
2047
767
4044
2
3325
509
1790
4055
240
3683
508
79
768
2049
3444
341
200
512
1789
3775
3071
192
3904
805
2818
335
254
511
1532
3361
2300
765
482
3877
3840
416
1538
1794
1573
1238
1796
672
3029
3164
2300
1534
3686
3711
467
688
1027
1791
2561
3587
3319
1851
3695
3839
3390
3102
3609
250
3323
767
3326
2821
513
1537
3847
517
3079
3321
3672
476
189
2048
1535
3067
3402
1022
1268
1026
20
1792
771
2306
3334
1273
1106
564
823
3621
3620
1538
2302
3394
138
693
1030
2707
588
474
3025
2811
3588
1238
2310
772
1799
1477
3842
1789
3367
1534
2049
622
769
521
569
288
39
3481
29
3953
199
4093
3793
3581
3697
3561
41
500
1062
3587
625
342
3906
3710
3704
3149
3581
3579
3041
1277
3370
252
64
162
1145
1207
1283
1026
2305
3841
4045
37
1531
2812
2813
3582
3935
65
475
697
1037
407
445
1023
765
1789
3070
121
1534
1280
3717
767
4009
3841
3841
3328
518
479
41
3843
236
4000
3929
733
4074
4095
3439
3501
3163
4092
153
3272
255
3327
3326
769
2816
412
421
2048
2561
304
3530
3469
2813
3987
1791
3884
3484
3868
767
1023
2819
3075
198
1050
776
581
4034
253
1790
1021
3937
4094
3835
3380
1023
2047
493
1093
3073
1795
2
3841
2560
3584
766
2748
2299
1790
2302
3975
252
4064
1099
1028
2562
446
319
41
693
3073
510
1534
253
3622
1279
3446
3951
2047
769
241
1102
1794
3892
3901
4095
438
3405
2557
3921
3738
2299
2558
1022
2048
599
576
677
487
1
4095
3072
2303
2301
3434
2815
3676
3582
1280
1281
3840
1791
3
3584
3841
3840
3950
3704
148
4020
3710
1534
1023
1535
2560
169
3737
2812
765
2303
255
2045
4095
414
3328
2304
1025
4035
182
767
2560
233
3072
1279
254
2302
3840
285
1537
1791
767
3328
2819
846
240
149
1791
2303
3750
3070
2302
1023
335
1793
812
4050
3921
1536
257
3841
512
3819
33
3073
2047
4072
3578
3581
3323
3749
318
552
280
0
1280
515
2
2559
3072
463
1027
442
399
3431
3579
3212
3088
3195
1535
1792
170
4078
1240
1119
329
184
3868
3434
136
3986
3976
3661
30
2303
811
576
4090
1793
697
593
4089
278
3806
4093
3947
3864
4095
4088
1534
2303
314
163
414
246
383
2048
3328
3584
770
38
2560
3920
1278
765
4094
2301
256
474
296
250
428
340
792
365
533
1794
4052
2302
3505
2303
3631
295
3584
4052
3975
4027
3838
147
96
1023
184
338
583
453
89
31
511
3584
376
3328
3585
3580
72
56
335
2302
2050
770
768
3328
1792
3840
3330
1073
857
888
900
3842
3838
3837
3068
254
3327
270
2818
515
3074
1795
3843
3071
3867
3410
2557
3817
2815
510
2301
2815
0
3330
767
834
154
176
3585
3839
2812
3476
837
1282
3584
3879
1532
2811
3070
2302
765
3743
3584
770
259
3842
3073
2
769
248
3070
3069
3299
3070
1792
1535
3781
2814
3802
161
514
513
2306
514
3327
4092
1791
3741
2045
3770
1789
511
3411
179
3544
3662
2304
2561
1024
3839
5
103
1025
1791
3915
64
3690
3370
3598
1022
4029
3757
3923
1281
3328
0
3584
1792
3073
2305
3584
4019
3307
3156
3324
2046
2559
2303
2048
70
415
460
3862
301
3791
742
284
256
258
4013
1536
1021
3666
3449
4092
2901
1532
1534
1790
2560
1026
1026
257
3073
1792
3420
131
3414
3426
3258
3166
2556
3838
67
345
513
3070
2815
3074
1791
2817
391
211
1533
3913
3727
3108
3502
3756
3327
299
1793
512
2048
2816
2050
2562
4002
3904
1791
3839
3986
39
3954
4065
532
3841
3585
1024
511
768
1790
768
3072
2050
1536
1022
252
3190
1022
3328
3911
3586
3582
3586
2304
698
21
3097
3655
3238
3074
5
2818
1025
199
3840
3114
3995
2304
3581
0
1033
1224
2311
1796
1284
387
3392
4086
257
3583
254
3579
3573
3573
509
2301
1025
1359
2482
2055
1280
2051
1586
1542
3078
6
765
252
4088
1017
3797
394
417
2941
4092
2921
2045
3846
3081
2271
5
1138
437
654
3757
2971
2170
764
1532
2321
2374
250
3360
3699
863
1379
1073
1667
2062
1274
2817
2816
3838
2910
2815
507
254
4095
2047
3330
3841
2047
1259
1153
3333
4059
4015
209
4009
2999
2588
3066
1023
1282
2813
3067
4087
237
697
2
260
2048
1536
2814
2816
2813
2
3796
0
45
3665
461
149
637
3978
3582
2980
3836
766
2560
181
3073
3997
4093
4026
2560
2305
296
930
2819
2304
3585
2557
3384
3241
3255
2812
3574
174
949
663
672
1793
769
1537
2563
514
216
4094
3773
74
352
1281
2303
2814
4094
3328
    246
3863
2814
3379
1278
4037
2048
1535
1792
3743
3819
673
831
537
54
421
513
3072
2813
3838
159
1536
9
3703
3325
3580
1536
1794
1027
926
846
3333
3844
3845
739
116
3191
3601
1534
3214
3996
423
3073
49
3585
1792
512
1277
1023
3328
3074
4094
2814
3581
1022
3912
3558
3690
162
1792
3073
2308
3841
2815
2303
1025
1023
1534
2047
1790
765
3581
2
2306
2817
364
529
390
263
1025
2304
15
3927
2558
3318
4095
517
2305
3839
3
3583
3583
3617
257
363
0
2048
253
3620
3953
41
511
52
0
55
4078
1536
1278
3836
3837
1790
512
14
11
409
3843
4063
330
646
1281
396
520
3794
2558
2814
255
3976
1533
272
3583
293
352
93
4047
3330
3331
2305
1794
3840
3716
254
2815
1278
1025
3074
1282
251
190
260
257
256
1537
1283
2050
3586
3071
237
1277
3333
1021
2814
3068
3213
3732
215
768
769
2560
1279
1027
22
3944
259
1793
4073
510
1021
2812
251
3042
4091
1022
3072
256
617
475
1251
514
274
901
4059
321
1278
3218
1276
1788
3838
195
3075
2051
587
148
890
805
3584
2560
3775
3758
399
2304
3960
3838
3544
2048
258
2816
512
3999
3715
4016
478
1536
1280
3667
51
1280
767
2557
3581
158
1023
256
1791
765
2303
238
149
4081
357
83
3837
3073
166
3648
3070
153
37
479
438
3987
3917
510
770
1792
534
669
777
1794
1536
2050
413
1280
3068
3212
509
508
2557
3580
1022
3962
70
518
725
3961
1026
2816
3072
1795
1536
3839
3611
2813
3963
379
4076
3947
4009
550
4087
76
2306
2304
609
428
892
3685
3068
3580
3826
3754
3674
254
3642
1790
1281
769
2050
315
628
744
2050
2561
1279
3837
3171
509
4054
1279
3597
557
228
221
769
514
238
176
121
520
3074
73
254
3005
3318
3838
147
3073
112
3856
91
769
3
712
4026
2559
4095
3777
3974
413
1023
116
3584
277
243
343
4063
58
2816
2
572
4094
3598
1534
3954
415
517
206
3841
3844
1024
508
2556
2301
3727
2817
124
258
33
3583
3976
4070
4036
3676
190
513
287
257
1024
768
767
512
1024
275
2560
3657
537
603
515
1222
1283
768
147
216
2050
3643
3583
3474
3586
153
1
325
2305
146
3651
335
3801
4062
1790
3449
4094
254
4095
2817
3741
3438
30
265
110
3730
84
173
35
3934
3803
4082
2561
48
3879
1534
3103
3441
3857
432
239
166
4064
143
3584
2302
770
3073
402
512
3995
607
770
94
3758
1278
2557
209
1280
1
3971
11
450
1112
908
622
3841
770
828
349
4068
4080
3622
508
3284
3819
1790
32
3073
4020
4038
769
3328
1535
4095
3838
2814
510
3820
151
3329
2304
3071
3582
3328
255
766
1023
113
313
4056
3637
4079
3892
640
3074
2046
3902
2559
1279
1023
3328
2046
1279
2818
2561
3842
2559
1792
1026
2559
3904
3557
3379
3164
3708
399
1241
445
2820
3329
1284
2306
3072
1793
1096
139
122
3500
4069
57
4088
3742
3791
3844
84
3328
2302
3069
3584
1021
3580
1791
3834
150
208
268
759
1113
362
1002
507
2562
3979
1023
4029
768
254
301
163
64
3034
2769
2800
3263
1272
3533
1022
3403
3070
3843
2053
1030
776
3588
2307
1028
1122
3873
2822
3595
2995
3069
1019
2808
3787
11
4091
280
3958
52
350
520
257
258
1282
2812
432
4007
322
256
3621
121
3329
1281
1537
284
3549
1277
14
3831
18
3110
3678
3878
2816
511
3584
1022
3840
856
717
317
35
217
1283
259
1025
147
3071
3218
3836
3325
3816
3148
1022
768
1024
3840
2815
3838
1533
3325
1534
3325
4093
510
3584
2307
769
3841
2561
1792
235
94
3328
2300
1021
3713
124
353
4095
3799
89
4044
343
3748
3849
766
3414
2561
0
768
2815
262
194
3968
2305
3328
746
1
429
264
1790
3571
2984
3226
3578
3496
2817
454
2563
514
769
3843
515
176
316
122
3071
509
3766
2557
2557
3353
3851
1538
4086
758
3584
3585
769
3844
3586
267
528
87
4095
2301
3071
3287
253
1791
336
65
1024
513
2813
3580
109
3713
389
353
3327
2307
3485
3703
3045
3068
2560
357
1282
905
3939
403
751
356
3879
3751
1023
29
4094
1278
3294
2812
3297
3695
415
490
511
3326
0
1025
3329
3582
3327
270
245
3840
2816
3928
416
3704
3735
3296
4094
0
3326
3586
3074
361
608
35
3929
1534
328
3793
3510
3962
253
673
342
443
1538
904
679
832
637
1538
445
255
3395
1535
3589
2557
3651
1788
255
45
2049
1538
700
1214
1570
1844
1542
2815
1018
256
4049
3328
2043
3576
1530
1278
2815
259
3333
3331
3078
1799
2055
773
761
2799
1273
3836
1022
1277
1277
2816
108
2814
2299
630
3973
1794
1547
895
1145
260
1285
725
3572
1789
5
1793
3546
3283
3581
976
2562
2811
4094
3871
543
937
1444
728
1082
223
221
531
1086
3060
3843
1639
440
2421
2043
531
1539
506
1014
2296
1278
1537
1026
515
1016
937
3843
3079
7
2540
783
3478
1542
3589
3767
2571
3571
1790
460
3837
3322
3072
517
2055
2564
3328
728
3327
2818
1
3319
2377
675
3443
518
3610
3213
406
514
2300
505
3477
3918
1433
1224
687
4
819
955
2050
1796
2438
2614
829
1288
1974
2565
2687
1383
2451
3836
2808
3337
301
2232
1881
1372
994
1280
254
2050
1025
3209
2868
15
708
113
2617
4088
1532
3834
2555
3839
3076
2471
1236
634
229
346
3281
3811
1001
1029
3581
3322
3713
1279
4021
3594
3544
583
1024
1022
2049
2303
3840
3075
1794
510
2928
3836
1278
3843
2050
3843
258
2301
3328
2558
1023
1023
2559
3581
2302
3736
3638
2302
3074
3843
769
1023
3327
1796
1795
540
3820
3572
3317
1276
253
3581
2300
3665
3584
2050
1021
2558
3074
1160
1001
2307
3842
2
769
2818
1280
767
1021
3517
3559
3878
1278
3786
592
796
3333
4094
3934
3904
3308
3172
3279
3070
3784
27
1789
1025
3840
1026
1281
2816
3328
511
3985
3152
3329
3297
3966
13
3981
3753
4058
928
666
108
36
214
74
583
257
2050
54
255
3805
3640
4094
510
3808
511
149
551
769
3072
3326
1021
851
870
1065
3076
481
1282
257
513
1280
3470
2305
164
424
2820
1536
3989
2812
3836
3585
2048
256
125
669
831
247
3955
511
712
4093
3353
3837
4003
1539
422
192
1533
3410
3328
3072
766
254
2048
445
3328
765
3290
4055
143
3840
707
355
2306
2562
1479
2307
1028
1668
1250
1027
1
2951
2013
500
3060
3067
3326
512
3840
1648
2697
3337
2326
1671
1625
1057
3841
2302
1023
2047
2868
1919
2151
2715
896
1901
3773
1378
2313
2818
3331
2824
1032
481
146
117
3585
1791
510
1534
1540
3065
2137
3065
249
4094
1789
3603
188
99
3802
3900
1793
563
1819
1653
1667
262
1794
2053
2306
3938
1788
509
3323
3834
2719
2241
2758
252
3327
252
3689
229
1415
2162
2293
258
804
1377
2302
1024
2614
2014
3085
511
157
3072
4095
513
1025
2815
2809
3067
1020
1112
1080
104
513
3076
3071
4094
242
1404
684
3256
3587
32
3079
3357
1538
2476
3618
2558
2041
2309
1023
2823
3841
423
3115
3216
1808
11
3041
607
3650
1022
3830
1232
451
1138
321
3914
3585
94
206
278
3889
512
766
3591
2650
1274
3579
745
770
2816
249
769
518
1535
863
2392
1272
212
1422
2308
1438
764
256
3073
2562
3337
1995
1065
824
718
2562
441
1532
4093
2820
1528
1022
1723
252
1536
1016
3329
3586
252
1794
1795
3583
582
260
3831
3839
2056
3655
2685
153
681
3336
2558
2046
3587
3079
2302
2045
3081
3838
263
3577
2248
2977
3718
3735
19
3433
515
1060
1119
3907
1767
3371
3705
2859
2048
68
3325
2798
3008
3343
304
491
2559
765
3583
3070
1286
2048
3840
544
4095
2900
1275
3838
761
2044
2817
2559
3181
3841
3840
3070
1283
379
1297
856
4093
2816
1282
252
4095
2304
397
3522
1790
3209
600
265
1537
3841
2562
367
1009
2558
3072
71
1536
1535
1539
255
51
92
1
1790
2305
3580
3070
3
102
975
3554
2838
2561
2813
3326
1282
1790
2303
0
513
2816
703
1035
233
3830
396
3798
1535
4077
3329
3641
19
512
512
3867
273
3707
383
3841
3582
1277
3571
2303
3838
519
3893
1023
3536
3848
4011
3535
3476
3768
1022
769
1333
695
887
773
706
232
4043
3866
3423
375
3329
473
2559
3674
511
3326
1536
125
3072
769
4053
175
3685
3327
2813
280
1792
3584
47
3866
2047
0
3329
271
1794
2818
3841
255
2
768
481
3840
3879
3984
182
3392
1022
3629
1790
52
1204
257
1793
355
1057
208
137
4022
4023
3877
3975
4090
1024
1793
173
254
2817
3074
16
3761
3959
134
619
3075
428
65
3583
509
2816
2302
3758
3326
3326
309
196
7
704
150
159
1100
268
233
2816
3602
3607
2814
3737
2302
1535
3940
766
1278
767
526
14
3721
3532
3957
3958
1280
3071
1536
597
801
62
3763
3672
3906
366
3974
2304
91
1792
1792
3329
3076
3843
1025
572
1024
512
1279
2045
3325
3069
2303
3327
3839
1023
3988
617
657
227
103
4084
767
511
4094
1276
3226
1531
3137
3837
510
1534
494
884
442
209
3695
22
3357
3868
3849
1791
291
2816
3836
3864
147
155
1281
3328
1536
591
3836
242
209
2
1278
3582
2043
255
7
3954
1281
537
257
145
3968
3694
2304
46
280
328
2816
452
49
336
706
374
3885
1789
3577
3897
2559
4010
1023
4092
513
3843
1025
255
1024
3070
424
88
3500
3325
4091
764
3659
212
3839
266
4057
1010
542
493
2305
514
487
1538
245
3817
3610
3838
3734
235
255
1280
2817
422
919
444
392
95
1
610
1794
4094
3287
1278
3595
1278
508
3347
3325
268
208
177
415
975
621
514
3585
98
1
44
1535
3616
2044
3788
256
4091
2299
1278
4095
3072
2049
513
2561
813
347
275
3070
2814
2301
2046
3431
182
3329
208
4052
452
451
478
4087
221
3328
513
1536
2304
3974
2559
11
193
3839
1789
3666
2814
3840
2561
1278
3071
44
400
400
257
1025
1793
767
2046
1788
4093
3609
3070
4094
254
2817
1130
444
753
347
2
769
1537
447
3840
3283
3326
3368
764
2832
253
3689
2047
1025
772
514
2053
935
681
393
3898
3676
3527
3324
3536
3385
3580
3838
262
202
191
338
388
527
4035
3531
2815
101
4095
3821
2558
18
2816
3584
4023
3722
3584
1794
1279
3327
510
3582
2562
196
745
3910
3997
4012
4052
2301
2045
3346
3325
3287
3880
584
926
899
712
257
770
2049
1533
1789
3748
1789
3913
2047
2555
3596
104
955
431
672
120
372
1792
2560
1790
3642
3071
328
3838
3753
1022
3311
4005
67
3933
267
2558
2562
259
241
89
4022
3804
3940
3071
2557
1534
1789
3961
4033
3825
153
232
4001
583
678
2562
0
3583
4093
3740
511
1789
3133
3968
3755
1536
513
3072
3328
3912
191
1138
3074
2816
1793
3855
178
3627
3438
1276
3419
3917
658
419
319
2817
2305
0
338
3788
3451
3068
3592
2050
513
3584
4033
3541
3670
3505
3674
3410
2564
1531
2558
316
3977
42
278
565
186
807
3083
3069
3324
3700
3309
4093
3830
1279
182
747
3
2305
3585
770
3841
258
4095
3677
3542
2300
252
764
22
70
768
0
1026
705
958
2306
174
316
4029
254
640
3610
1791
764
252
3725
511
2305
203
1281
514
3589
2309
688
890
2
2303
3604
3435
3070
3451
4006
2305
3752
2559
510
3069
2560
768
403
210
509
176
487
2560
766
3328
254
3739
4094
3906
3070
26
305
2049
258
2561
770
3585
2049
1535
1280
3930
3839
2813
3737
1790
3326
2047
3071
2305
2307
2820
675
337
428
117
29
4081
3826
3707
1534
4045
2559
121
0
1024
1537
515
2816
373
1246
667
1794
293
438
3817
4093
3582
257
2817
3563
3764
3327
272
510
104
768
95
408
618
850
271
768
57
4095
2305
4094
3697
2814
3575
2813
585
833
627
1028
3074
3074
2050
3585
2305
593
2560
3816
2047
2045
3327
3324
1790
2816
4035
410
2559
2559
1278
3839
3583
1536
2816
2559
3839
1279
3072
512
2813
2816
1027
250
3167
2300
253
3708
1278
1281
15
2817
2818
2563
1281
74
1023
3327
1791
765
1021
2813
3839
254
1536
505
770
49
2048
3330
1791
769
3574
768
314
2306
2562
2815
4095
2816
159
1020
3402
1276
1535
511
2818
767
0
140
3842
2562
1536
2047
3681
3518
2814
4018
3840
267
110
368
677
786
414
584
61
1025
95
1024
489
1
518
3331
655
4070
765
4093
3325
3884
1534
4055
463
768
2816
2
770
769
513
768
2814
3647
1278
3836
1021
3722
4092
3957
2305
2049
3072
3586
2817
420
639
106
4047
3015
3752
3763
255
768
3498
1535
222
19
67
109
4094
426
2559
3582
1534
3386
3770
3763
253
3838
1022
1279
3585
1794
2817
2050
3585
235
1535
2558
510
3069
255
1791
3329
513
412
2818
3584
3774
4069
1279
767
3837
3252
3942
3719
183
4092
128
117
2557
1531
3173
3148
3258
1788
1020
430
260
1281
1113
1368
1303
1316
1203
975
3591
536
3901
0
3327
2044
250
1017
2331
2928
3581
3720
3325
2047
3332
680
450
989
1496
349
1023
1278
2817
1279
336
1280
23
724
330
4089
404
3873
2934
1532
3325
1793
3964
2685
3039
3583
3069
255
3585
3841
1282
849
799
625
152
8
3328
2303
3326
3746
1021
3480
2557
3126
1278
3582
1792
3075
994
1271
1121
454
676
557
4006
3719
1790
3991
3995
4022
1281
91
1280
1536
566
94
4010
3790
3595
3920
98
100
3601
3405
4026
3703
561
295
3865
363
1281
3074
159
3885
4051
1792
1145
475
768
512
3931
3583
3070
509
2558
3326
3851
3071
3839
2304
3330
511
3751
738
304
159
80
2812
2046
513
3779
4046
3838
3701
1025
380
342
485
3073
2818
1
3840
3073
255
1024
98
2558
2813
254
3845
3360
3829
3838
461
222
119
48
2817
1025
3839
254
121
2562
115
2814
1535
3582
3070
2047
353
762
327
1795
1280
2562
3842
1283
770
2561
1239
1794
767
1537
1535
2813
3839
3956
3585
1
1279
135
110
495
3818
3493
2046
2816
3674
3723
254
3752
1279
3071
2815
3648
129
360
721
3841
259
3329
2561
704
137
2815
3652
3070
1789
3670
3935
1279
4
4095
512
1026
1284
513
2817
3619
48
3840
1023
3597
3464
3373
1280
0
3818
17
55
317
936
834
815
277
3841
133
45
201
1792
412
1535
3231
3071
1793
3072
2558
3865
195
0
1538
3329
2305
257
140
3992
3403
4094
3941
3944
3730
3263
1020
3324
1019
3840
512
3586
1
1022
2562
412
227
157
3740
1278
508
3842
33
3583
3043
3838
3635
675
528
2306
771
515
886
500
3728
3296
4093
3870
108
2303
4077
223
2815
3071
255
2817
2306
169
3976
1
262
3890
3973
511
767
766
3953
66
100
3840
2046
769
563
2305
3767
362
4079
3638
3323
3840
2812
3556
3898
3905
2048
3326
17
217
492
297
339
3328
3447
1791
2817
2560
4017
767
3947
1281
1279
2816
3342
3372
3873
3958
1791
2303
2816
3328
128
70
289
212
4007
3973
4001
3886
510
3688
3581
1537
493
496
578
751
4018
312
543
51
4079
2814
377
2048
289
473
3818
2304
1021
1279
2559
3820
97
256
971
2307
2819
0
3842
3582
3838
4093
3691
3516
3351
3971
1535
2560
3329
254
768
3074
580
591
475
447
4021
4092
1022
4018
510
3987
2047
43
3585
3842
2562
1536
4
2563
2049
2048
3838
3839
511
1534
1278
2303
3838
4095
511
257
1024
740
365
3074
3838
2557
2558
138
2306
2816
3924
1537
3686
3846
3794
148
3584
1792
2048
1536
649
431
847
329
256
3584
2047
3580
3146
3068
3791
1536
110
1793
2562
1537
3329
305
643
230
121
2560
1279
2302
2558
3337
2558
3931
2301
3644
203
946
483
948
2052
1026
1793
1537
2561
30
3582
3010
3260
2964
3537
3818
295
308
3813
43
1
1794
1
1025
256
4012
1535
509
3837
3070
3582
3521
4001
1535
768
2
463
357
3330
256
766
3070
1022
3282
511
3228
2556
3353
1534
380
3856
3597
3758
512
1282
495
67
38
254
3840
2815
1534
350
3542
3349
3676
467
1794
2814
25573582
3159
3687
4093
3993
220
72
1194
1140
826
1794
3586
513
1793
3798
3427
3359
3257
1274
3276
3538
1279
2816
1026
3076
1281
2051
633
34
67
3565
3654
3537
3724
532
1791
131
70
389
346
4001
448
367
1792
3786
2815
768
3694
2048
3327
3746
2814
3075
589
718
1
2817
1282
3839
256
255
3537
512
70
768
0
2304
3584
59
1537
70
3328
1023
4015
1793
3586
2816
1025
1793
1024
4078
400
23
75
4000
234
606
104
1789
3069
3213
3422
3655
36
1020
465
3330
717
1175
645
731
467
3821
7
511
3931
766
3838
3568
3837
3973
3817
2303
151
1537
1105
1232
560
355
940
725
186
510
2828
3045
3137
1789
95
257
911
1028
746
1538
1793
3586
1023
2303
3548
2301
2814
3837
253
2044
3841
1793
770
1280
2303
3716
876
1024
1792
3840
3837
3489
206
508
2303
4011
499
4046
86
246
598
1024
3583
2559
1536
148
3736
3081
2299
3846
766
3582
2047
1791
411
49
580
428
3647
3711
33
4041
4065
254
1022
3806
3072
290
435
129
58
60
1537
3583
3328
2048
1535
4078
2047
2560
257
2
2048
2047
1536
3664
3384
3998
419
769
4018
3713
41
257
1539
3842
1
662
1281
2046
2815
3582
2301
1277
1533
3726
3072
3328
1026
768
3075
854
586
3823
3873
3262
3672
3979
3327
3838
1022
304
456
3915
218
3677
3617
3073
3584
513
4040
2559
2558
90
3698
1793
3841
3328
3839
16
3835
3902
3460
44
1792
1535
1792
509
1280
256
1284
3329
152
33
3944
3712
3327
2815
4057
3869
237
702
281
4083
3835
24
4074
403
4006
3900
1535
3748
3864
3730
3847
3956
2047
3069
1039
971
723
286
75
846
413
317
3581
1278
427
767
3985
4059
254
3521
254
389
945
3074
381
111
425
3840
1
3434
3580
511
3068
2839
1533
3971
528
3841
2305
1169
1795
514
2816
1022
3327
205
3507
508
3836
3070
3496
299
1157
1065
3075
1021
2817
1
257
2303
4010
3909
3646
1533
254
2558
487
1281
2560
2303
3073
2816
4066
1533
2303
27
4073
3731
3866
69
3582
255
2
3330
2817
3326
2046
3837
1788
191
3074
145
312
453
3875
503
135
3583
4032
317
1279
3500
2300
1276
3050
3837
210
209
1027
1540
1027
2308
3
3331
220
1791
3204
3333
3816
3303
4076
0
1794
1027
2306
769
3328
3586
3843
1536
4028
3753
3066
3579
3145
3221
2798
3296
3497
570
2819
1280
1537
3584
513
255
768
0
3327
2814
4094
3584
3070
3901
253
375
512
807
1089
635
1031
737
84
2305
81
3950
1279
3327
3853
3694
3326
3581
3329
3843
725
849
552
3789
683
947
62
82
255
170
2304
3575
3719
253
3801
287
269
513
2306
2048
2560
512
755
486
3071
3237
3071
3969
3960
50
3583
3859
1023
1791
2559
52
4010
3879
91
63
132
360
383
1025
1793
1023
2558
256
2815
3752
3838
71
3582
2559
1794
1538
1454
1059
1141
960
3947
1280
1534
3069
509
4092
2043
3837
3804
2303
3328
3842
2561
375
233
3785
3854
512
3072
255
2047
511
3652
3583
1022
181
2817
3584
271
977
3
3
3074
529
512
1791
2558
3388
2556
3506
4091
3325
3158
3887
3824
396
1172
988
182
179
204
1280
3584
254
3432
3564
767
3898
257
272
2817
3839
139
3642
0
3072
0
340
215
742
331
3073
2815
3820
3671
1278
4065
254
3068
3565
3942
534
113
802
703
387
132
3956
3992
3775
1535
3443
3325
3601
3327
2048
767
3073
258
3330
3331
1022
4094
4084
220
3838
767
4038
273
243
3681
2304
1791
3837
4055
254
1278
4074
2559
3837
856
874
151
3466
1789
2559
255
3839
4024
3071
3445
256
510
2816
2304
868
3843
2
1795
2817
271
0
511
3068
3275
3580
3377
3735
3583
253
4032
3583
3843
2818
196
506
28
3843
3325
767
765
1533
3558
1021
4027
635
840
75
257
818
197
3328
2816
3073
3978
2302
3325
35
1790
3436
3069
2816
2048
2818
1537
3327
1279
1535
924
844
652
3952
3575
3438
343
35
766
3393
1021
611
935
367
586
514
1538
2559
419
730
993
582
354
257
512
3073
3839
1791
3944
1279
3866
3071
162
3839
3838
3839
734
1303
3938
159
3872
511
3329
1536
204
2560
1793
1
3689
3530
3838
3584
3425
1279
255
2307
594
22
340
191
297
3584
768
4053
3912
3071
2048
3656
1535
3691
3070
228
559
51
4034
317
1346
617
2563
1025
14
2815
766
1789
3233
3208
3322
3601
3532
167
3846
3329
513
2051
2305
390
143
3700
3071
254
510
2521
3529
2047
743
258
1793
2560
627
3330
257
770
3465
509
3093
3412
3398
3326
3839
4023
0
483
1024
1792
1281
1536
2561
771
2817
1280
3696
3810
4006
3978
3714
269
1281
3841
221
1068
1001
421
316
37
2559
0
4032
1279
2815
2302
3931
3839
2047
3324
3763
2817
2304
2305
3074
512
2304
3327
3584
97
3901
37
3853
3237
3581
1790
2815
4056
54
3887
3725
4044
4029
414
426
1026
767
3837
2047
3840
1025
3840
3804
1537
386
2303
511
2816
4095
2818
768
1791
318
1791
1280
395
3834
4076
3715
2557
3424
253
3839
2816
164
344
585
480
1044
2307
162
22
3842
765
3546
3582
3742
3838
3329
18
3668
376
1281
3075
2560
2815
229
3917
3902
3484
764
765
3071
766
217
2560
2816
2048
1793
635
3841
2047
3
3698
3819
151
273
3645
3070
3325
2816
268
2816
2814
3488
1791
1025
1280
2302
4092
3326
3584
2817
767
1024
3071
3582
2559
3891
3610
83
3671
3070
1
2815
3072
3718
45
97
4076
3807
3318
1534
510
3325
99
37
356
283
3865
228
6
768
4046
63
142
513
485
314
2305
401
511
2559
260
2303
3504
3838
3591
407
769
4026
781
1095
261
514
257
856
4095
458
346
1535
3877
3583
3402
766
1021
407
3072
626
3752
3328
1538
768
204
3502
3581
3069
3846
4094
2048
2046
152
1283
3584
1024
1280
731
634
835
469
1792
3841
1535
3584
3671
3581
3685
764
3275
4007
434
440
713
2817
1537
3330
49
4058
3800
1277
3169
3178
3094
3804
3914
217
541
1017
801
840
1
3331
1024
1280
3989
1791
2046
371
3910
3072
255
1792
0
3840
770
509
3876
1023
2303
69
4037
2303
252
3485
4094
1278
126
3919
158
194
152
2815
3071
767
90
2049
256
291
2814
3981
4014
3955
2045
3429
4043
1024
343
611
263
688
122
257
511
1022
4094
3396
3580
3824
1
71
363
768
2816
1792
2816
1278
3070
3176
3332
3952
3073
1281
772
1536
2560
3841
3330
460
3982
3133
3626
3069
3068
3581
1792
589
1538
3840
770
1
1534
258
1280
2816
2302
1789
509
373
768
2816
343
839
1795
2308
259
386
2819
309
380
258
3942
1791
1789
3092
1276
764
3638
3836
180
280
513
256
3584
3073
4067
222
3483
2814
2814
3894
3841
3584
2817
254
3509
3887
536
2047
0
3329
3841
2559
3837
4052
26
3698
3750
1789
1280
1794
256
1278
2302
3583
3694
22
3760
106
265
2306
1540
1538
372
180
123
3780
3069
3603
3578
4032
1537
378
257
563
545
828
870
582
282
511
3256
2043
3314
1534
3862
4095
43
766
1535
4095
255
1023
2559
2560
255
2815
3070
0
1
3679
3695
3915
3649
2813
510
3788
3584
407
631
275
535
3957
3735
1023
3222
2821
2810
3025
508
4008
3295
628
1795
1028
2821
3589
3843
1512
3993
595
4093
435
2780
3495
3202
3097
2866
3378
1278
3363
766
2558
1536
256
510
1282
1278
1214
587
1025
3842
1
743
2562
2560
3561
2850
2043
2300
762
3224
2557
2813
3327
2957
11
3989
11
4094
3070
1792
3073
269
1209
1219
808
736
299
963
137
3837
3972
3976
3806
1277
2663
2300
3308
4094
3342
3403
153
653
886
200
1047
742
2049
1283
2819
216
254
3346
1533
254
431
1532
4093
2813
181
1282
768
1023
109
3784
444
706
3526
3325
3070
2793
3476
767
3932
3840
165
233
1672
1340
1289
1386
1042
1230
389
3840
3090
3635
3023
3552
1790
2559
1791
220
863
1025
713
995
3587
1023
1791
768
191
2305
1277
3139
2047
3969
3857
3938
3327
893
669
3703
160
0
84
421
506
538
38
4040
55
50
3524
3366
765
3924
254
2815
2046
2304
1793
2560
398
3330
2310
1053
1339
715
59
420
767
3584
3728
3716
3813
549
1280
3583
114
16
4023
476
761
463
1
3325
2303
1791
1791
1535
282
4095
4013
2559
512
1024
464
3850
163
2049
768
770
2305
4021
3791
3256
3667
3581
3325
4071
768
769
2560
4005
3799
175
112
47
3945
254
3594
2304
1791
1023
175
0
2048
0
4
4061
1281
2047
1794
414
3586
2305
292
2561
2816
1793
268
3996
3582
3840
1792
415
3910
4075
513
852
496
3948
253
3708
765
3586
428
3073
3857
1022
3838
3887
4055
1793
767
2814
1792
1281
2558
1534
1536
259
1538
2303
1792
3581
2557
1021
2047
2557
3861
508
3581
2559
1792
513
3073
512
3073
3905
253
1790
510
765
4001
4050
3071
3752
4025
2816
2050
1257
1540
3586
3586
1793
69
3761
3936
3435
3549
3720
3779
3715
1280
515
3588
1540
768
1533
2048
3072
3238
3312
1533
3837
255
3911
3875
468
256
2049
769
1536
2560
332
827
759
691
3586
2562
3749
2793
3759
2816
3580
1536
1536
2306
3583
3584
2817
2558
253
3326
3831
3792
296
654
29
69
121
3582
363
3600
3629
4095
252
177
3915
1023
1281
3330
1
257
768
282
2304
3584
2300
1534
3859
1791
3763
255
678
69
442
331
422
512
0
3584
3503
2814
3581
3533
4094
2938
1
2814
3585
2
3586
2562
3842
1025
539
2816
2558
4095
3504
83
199
3337
3573
4044
3855
3699
3701
196
939
3842
1539
1536
4047
396
3823
3818
3837
3694
2843
3098
510
1537
74
3961
651
472
559
635
2817
210
3981
3837
3938
1023
3732
1277
3807
2816
806
4057
417
179
656
138
4019
253
3839
153
226
2305
3997
512
3656
3958
3974
99
3840
88
85
659
3843
3842
79
3715
3788
3856
4084
3674
2302
254
1789
2046
4077
737
217
3664
38
4043
769
1538
33
343
3841
92
3861
3529
3433
2813
84
3837
1537
2304
3326
2046
3584
1023
1281
1
629
511
145
681
3813
3376
3343
3583
3712
3325
3989
2560
80
210
426
790
1027
768
2560
3842
3329
767
3008
4092
3441
1534
83
384
241
162
767
512
2563
662
3961
472
2561
725
3585
3494
3581
1024
3555
1021
4050
3771
511
3584
3329
2049
1792
13
617
359
3709
3839
1533
1790
1
53
4052
2559
34
4033
646
3752
217
1023
188
453
395
101
3916
767
2305
336
3785
4051
2562
3647
2559
1024
44
3947
1792
3840
92
231
370
4071
3940
4059
3557
32
1532
1018
120
4092
1019
1532
2046
2561
1539
943
1896
2567
2821
517
1796
3329
1539
4018
3581
1784
3064
2041
3710
3588
3509
3328
3581
1024
765
3327
3332
2304
2820
993
895
1057
77
1027
1030
259
770
3248
1277
3562
3527
134
2057
2629
1789
3023
3584
1281
3328
3075
1070
1519
850
1508
1539
2307
3842
3586
1280
252
2553
3874
2043
1527
1021
509
2815
3328
3887
609
766
2818
2309
2563
595
109
372
283
30
510
511
2046
510
3552
3837
455
254
2302
3581
24
3646
764
3069
513
289
3075
821
609
691
74
3838
3584
3883
1022
1790
1279
367
259
1539
3
0
4095
2560
258
3194
2043
2932
3634
255
3574
3288
3417
1791
306
724
246
969
261
2563
3329
1795
528
3326
3137
3324
3109
1786
1790
2814
2816
2560
1534
1537
2305
1535
1023
3072
3328
367
3697
3059
3784
3723
417
623
338
2049
551
108
270
3964
33
765
3888
3832
3658
509
94
1792
3839
1536
55
455
2307
258
584
360
295
3900
3563
4058
3583
3942
1790
3793
3325
3355
3538
3852
3912
903
1797
3074
2819
1026
2306
1537
1281
1022
1789
1789
2814
3072
3071
254
2559
2817
240
772
441
758
58
120
257
766
3278
3325
3003
2044
274
42
2046
3708
3838
128
409
698
671
771
1281
3841
2561
1023
2044
3309
3584
4084
3841
2815
4094
3586
649
3899
3975
82
3751
3929
20
4008
1278
357
3088
4014
3828
3862
3620
3746
2
3839
3728
4059
208
220
3956
206
3932
3491
4

